2677 1
1119 1
3236 0
2415 0
2722 0
3067 0
3268 1
1782 1
3697 1
1332 0
759 1
3855 1
1582 0
2956 0
3123 0
2852 0
826 1
1614 1
866 1
2952 0
1383 1
2614 0
723 1
2808 0
912 1
2918 0
2753 0
3781 1
3655 1
1868 1
143 0
1456 1
255 1
715 1
24 1
2299 1
1859 0
2056 1
1269 1
3313 0
775 1
3863 1
1223 0
67 0
422 0
7 0
1972 1
3276 0
617 1
2154 1
3409 0
1045 1
3132 0
3332 0
2674 0
2781 0
1172 1
1428 0
1705 1
37 1
309 0
3936 1
791 1
1709 0
2404 1
2710 0
2849 0
1408 0
1373 0
2177 0
3836 0
2919 0
1089 0
2616 0
758 1
1032 0
1084 1
1277 0
392 0
217 1
3602 1
1771 1
2332 0
870 1
171 1
2637 0
2379 0
1937 1
1994 0
1182 1
3034 0
927 1
850 1
3906 1
3772 1
3302 0
72 0
3300 0
3470 1
1297 1
3530 1
1499 1
2962 0
1233 1
2133 0
377 1
2287 1
3708 0
1637 1
735 1
802 1
2685 0
3308 1
520 0
2783 0
87 0
109 0
1104 0
1191 1
2688 1
3700 1
376 0
3776 1
344 0
3814 1
3788 1
149 0
2936 0
3497 1
2583 1
2963 0
1560 1
1987 0
2819 0
2549 1
131 0
4009 1
3147 0
2491 0
1592 0
2202 1
536 0
2019 1
3567 0
1795 1
2349 0
3223 0
1511 1
1363 1
4008 1
1128 1
1646 1
3893 1
274 0
2403 0
626 1
3156 0
1827 1
214 0
3021 0
2571 0
1910 0
4029 1
721 1
3615 1
3372 1
647 0
2833 0
597 1
1323 1
2543 1
2260 0
1220 1
231 0
349 1
2468 1
3839 1
115 0
2754 0
3511 1
2488 0
1513 1
701 1
3973 1
710 1
1706 0
4011 1
3358 0
3942 1
1129 0
88 0
2033 1
3703 1
3363 0
2720 0
1640 0
209 1
15 1
3200 1
950 1
1578 0
2656 0
2434 0
3991 1
2354 1
1468 1
2929 0
730 1
995 1
3724 1
1291 1
2949 1
2180 0
2888 0
2611 1
1850 0
1227 0
2489 1
368 0
889 1
1450 1
2869 0
931 0
751 1
1434 1
529 0
294 1
1731 1
2475 0
882 1
3502 1
1169 0
1445 1
2295 0
2069 1
2638 1
1389 1
1259 0
3920 1
1841 0
3566 1
3341 0
1368 1
340 0
2248 0
170 0
953 1
3832 1
370 0
843 1
1884 0
198 1
3607 1
941 0
1040 1
3379 0
523 0
651 0
3581 1
2844 0
1442 1
997 1
2258 1
303 0
3627 1
2234 1
3152 0
1953 1
1727 0
1753 1
3149 0
820 1
2284 1
458 0
521 0
331 0
793 1
1377 1
3157 0
2329 1
253 0
785 1
862 1
240 0
1585 1
2330 0
1498 1
3143 0
2518 0
154 1
3843 1
1691 0
1618 1
1033 1
3458 1
661 0
3095 0
2730 0
3547 1
558 0
1387 1
366 0
2018 1
3238 0
1123 1
1603 1
2374 1
2802 0
1751 0
1152 0
3072 0
86 0
2893 0
3040 0
1487 0
1903 0
3601 1
1361 1
507 0
2400 0
166 1
534 0
1551 1
3185 0
1740 0
2153 0
433 0
2519 0
2780 0
3181 1
2943 0
3049 0
568 0
3995 1
1403 1
3374 0
867 1
3464 1
3253 0
1938 1
1678 1
116 0
517 0
3007 0
3191 0
53 1
3695 1
76 1
3572 1
1253 1
3620 1
190 0
1064 0
1362 0
2003 0
2357 0
3512 1
3280 0
944 0
620 1
2448 0
3119 0
1957 1
3016 0
1124 1
2937 0
1052 0
3036 0
1369 1
3720 1
106 0
1682 0
2765 0
3872 1
2864 0
3978 1
2221 0
2339 1
1472 0
1406 0
1572 1
833 1
3471 1
2767 0
3098 0
2077 1
2577 0
3052 0
1501 1
2810 0
3694 1
2729 0
703 1
776 1
199 0
4019 1
1804 1
2237 1
981 0
1496 0
192 1
1209 1
2432 0
3660 1
2882 0
2631 1
3873 1
2292 0
1257 0
1199 1
3153 0
1848 0
151 0
265 0
1736 1
236 0
402 0
3618 1
3311 0
310 0
639 1
414 0
3146 0
2306 1
3120 0
3571 0
1208 1
1890 1
1926 0
3917 0
1838 1
1042 0
1206 1
2927 0
2007 0
1746 1
1022 1
490 0
6 1
3046 0
569 0
2989 0
3173 0
926 1
1312 1
1087 1
2925 0
532 0
2008 0
632 0
1034 1
2944 0
695 1
2255 0
1411 1
1174 1
3145 0
2194 0
1131 0
966 1
3220 0
3774 0
2559 1
3328 0
2758 0
2099 0
3340 0
2619 1
2574 1
3538 0
2667 0
3946 1
1984 1
3418 0
1263 0
3498 1
1969 1
413 0
3342 0
3954 1
3764 1
2463 0
834 1
2564 1
2136 1
2425 0
2546 1
1265 1
2504 1
74 1
3503 1
513 0
2447 1
3900 1
469 1
2511 0
1345 0
1807 0
2535 0
2498 0
1811 1
1430 1
2645 1
4036 1
2770 0
1802 1
2124 1
211 0
1852 1
312 0
2718 0
2291 0
2497 0
3643 1
762 1
1970 0
3076 0
1836 1
3489 1
1733 1
142 0
3071 1
3588 1
4025 1
1524 1
2310 0
565 0
954 0
3596 1
3240 0
1509 1
3299 0
2603 0
3645 1
1915 0
1947 0
518 1
2474 0
881 1
3126 1
2736 0
2863 0
1845 1
3029 0
485 1
3757 0
281 0
1443 0
2363 1
1226 0
509 1
1507 0
1624 0
3167 0
2412 0
3198 0
1038 1
1717 1
2190 1
3632 1
189 1
1532 1
1519 1
121 0
2991 0
2112 1
636 1
2420 0
3901 1
3260 0
1459 0
3562 1
929 1
2061 1
3943 1
2580 0
129 0
3608 1
3093 0
871 1
1376 1
282 0
2686 0
257 0
2687 0
3687 1
2442 1
2143 0
3263 0
2804 0
3005 0
3847 1
3563 1
467 1
1301 1
314 0
2109 1
1395 1
753 1
3968 1
3100 0
2912 0
481 0
3437 1
2191 0
3295 0
3960 1
1605 1
2761 0
492 0
2807 0
980 1
3106 0
3528 1
205 1
1866 1
3864 1
1002 1
369 1
2578 1
599 0
1133 1
1744 0
1886 1
1610 1
2643 0
3897 1
3583 1
2900 0
2707 0
1151 1
3747 1
35 1
2034 1
766 1
2992 0
2662 0
2435 1
1234 0
648 1
3258 0
924 0
1120 0
2253 1
2862 0
1441 1
51 0
3559 1
2594 0
3743 0
512 0
2257 1
3939 1
3435 0
659 0
2975 1
203 0
3543 1
2158 0
3994 1
1314 1
2340 1
3158 0
2871 0
3824 1
2456 0
1143 0
2987 0
3030 0
2010 0
3468 1
3819 0
1046 1
2749 0
993 1
798 1
163 1
3805 1
3088 0
1502 0
3352 0
2704 1
1980 1
1026 1
1436 0
2242 0
583 0
2654 1
787 1
3292 0
3770 1
3325 0
2014 1
859 1
2335 0
2108 1
3404 0
1254 1
2324 1
2079 1
709 1
3586 1
3644 1
1469 0
3600 1
4016 1
385 0
2438 0
2666 0
1825 1
3784 1
2283 0
1952 0
878 1
2846 0
1760 1
1162 1
1308 0
841 1
2965 0
2721 0
1140 1
2492 1
1849 1
2525 0
2831 0
3412 0
1671 0
1839 1
830 1
438 0
3922 1
241 1
678 1
895 1
2281 0
964 0
845 1
2891 0
3630 1
139 0
3758 1
3726 1
2129 0
1766 0
1051 0
3890 1
3751 1
1379 0
383 0
890 1
447 1
1728 0
3104 0
1612 1
3493 1
1998 1
112 1
869 1
3243 0
3256 0
3998 1
1455 1
2092 1
3344 0
978 1
229 0
3063 1
1779 1
1289 1
3070 0
2052 0
1611 0
1754 1
1676 1
1617 1
2572 0
2286 0
2263 0
1734 1
3690 1
1163 1
1262 1
2790 0
2487 0
153 0
3642 1
1488 1
2717 0
2610 0
1809 1
406 0
39 0
1520 1
1737 1
1997 1
38 0
1150 1
1160 1
396 0
1317 1
2509 0
2049 0
3718 1
2013 1
1707 1
720 1
3584 1
69 0
704 1
3721 1
437 0
1351 1
2265 0
2588 0
897 1
3367 0
1284 0
562 0
1688 1
2971 1
341 0
2087 0
4018 1
2032 0
3246 0
1909 1
1770 0
2307 1
3089 0
46 0
3790 1
1272 1
2998 1
2613 1
1186 1
2964 0
1977 0
932 1
1732 0
1741 1
2599 0
325 0
2926 1
1768 1
408 0
482 0
2122 1
587 0
2171 1
1875 0
272 0
2724 0
2172 1
3866 1
407 0
3466 1
2317 0
3885 1
3012 1
2733 0
3228 0
3729 1
2791 0
191 1
1334 1
1976 1
1194 1
3976 1
1401 1
1230 1
3301 0
3178 0
989 0
1451 0
105 0
1481 0
2042 0
1918 1
1657 0
2012 1
218 1
1285 1
3755 1
1752 1
462 0
2892 0
3859 1
2625 1
2496 0
896 0
2254 0
1832 1
2071 0
2302 0
357 1
1506 0
3142 0
2303 1
2812 0
2101 0
3542 1
2358 0
202 1
3835 1
3803 1
1381 0
3107 0
1601 1
1229 0
1981 0
832 1
3033 0
181 1
4015 1
436 0
768 1
474 0
3019 0
3686 1
9 0
679 1
3356 0
2752 0
2940 0
1907 0
3204 0
559 0
99 0
3486 1
629 0
2816 0
2531 0
186 0
2315 0
2622 0
1066 0
1598 1
3967 1
3522 1
3054 0
3266 1
892 1
3728 1
1929 1
1091 1
1895 1
239 0
2697 0
3115 0
1485 1
3760 1
1840 0
1750 1
248 0
2407 1
3230 1
2175 0
3603 1
3899 0
3761 1
321 0
3105 1
3514 1
1324 0
2757 0
3544 1
2040 1
3004 0
898 0
1244 0
643 0
1462 0
3799 1
3556 1
2854 0
3118 0
1645 0
3734 1
1112 1
2768 0
1677 0
3598 1
2817 0
80 1
2737 0
2392 1
13 0
1553 1
684 1
3317 0
637 0
668 1
1842 1
880 1
2135 0
3472 1
262 0
2858 0
4033 1
828 1
2778 0
3391 0
3633 1
3111 0
22 0
3609 1
1015 0
557 0
1799 1
3924 1
299 1
824 1
706 1
70 1
2022 1
1820 0
448 1
2635 0
1925 1
638 1
2245 0
3429 0
3284 0
1968 1
747 1
1821 1
609 1
605 1
3130 0
698 1
2886 1
2922 1
693 1
784 1
36 0
3273 0
1497 1
2173 0
3353 0
3438 1
1178 1
1352 1
3617 1
3078 0
3436 0
374 0
2553 1
284 0
3099 0
2763 0
1090 0
3659 1
1492 0
2558 0
2381 1
1164 1
2457 1
1384 1
1070 0
2703 0
1815 0
2913 0
3096 0
1586 1
1001 0
394 0
4034 1
3959 1
739 1
2384 0
1747 1
3433 0
1569 0
2899 1
1093 0
652 0
3756 1
172 0
63 1
501 1
3389 0
3857 0
3970 1
2792 0
621 1
2246 0
3387 0
624 1
489 0
1851 1
2876 0
2000 1
750 1
245 0
1870 0
3290 1
1960 0
3454 1
3914 1
3202 0
2294 0
663 1
251 0
2449 1
1818 0
3226 0
3779 1
30 0
3570 1
3430 0
2030 1
1138 1
1195 1
3532 1
1783 0
1024 1
510 0
946 1
3452 1
3711 1
3851 1
2204 1
1919 1
2369 1
1529 0
2192 1
825 1
2715 0
3786 1
2431 0
805 1
1192 0
1826 1
3282 1
1892 1
3080 0
4023 1
2419 0
3766 1
3887 1
1296 0
381 1
1275 0
1990 0
3348 0
2670 0
3189 0
168 0
1329 1
2567 0
1774 1
311 0
2047 0
2272 0
450 0
3044 0
3568 1
445 0
3176 0
788 1
2644 0
3196 0
1079 1
2906 0
3255 0
2157 1
1055 1
3193 0
1371 1
3578 1
1672 0
187 1
3277 0
3188 0
1158 0
1951 1
1710 1
3305 0
2658 1
1683 1
2711 0
1313 0
1822 1
3457 1
1694 0
731 1
1217 0
2928 0
2328 0
364 1
1146 1
20 0
1626 1
258 0
883 1
655 1
1543 0
3631 1
1955 0
1316 0
246 0
3664 1
1974 0
1574 0
2325 0
2970 0
1424 1
2322 0
990 1
1882 0
1669 1
1796 1
271 0
1877 1
3984 1
1932 0
2016 1
3741 1
3921 1
602 1
2548 0
2289 0
928 1
1157 1
1365 1
1467 1
3297 0
3526 1
273 1
675 0
1564 1
662 0
174 0
2437 1
2669 0
1495 0
3689 1
849 1
3908 1
1142 0
1213 0
905 0
726 1
1432 0
421 0
3611 1
472 1
430 0
2393 1
3815 1
807 1
1556 1
28 0
4006 1
2219 0
473 0
2727 0
3752 1
1704 0
2444 0
2351 0
3985 1
1534 1
581 1
3027 0
1202 1
3064 0
2156 0
26 0
3055 0
3261 0
1478 0
3646 1
2967 0
3813 1
800 1
1170 0
755 1
3841 1
2617 0
483 0
1787 1
1460 1
1490 0
2653 0
2760 1
263 0
644 1
1964 0
1153 1
548 0
2836 0
3102 0
1761 1
2141 0
3496 1
1898 1
440 0
3856 1
920 1
3393 0
2516 0
590 1
1996 0
3279 0
1114 0
1251 1
3482 1
2053 0
446 0
289 1
1420 1
107 1
2866 0
1999 1
3933 1
134 0
1106 0
2942 0
3668 1
1762 1
1599 1
3521 1
3286 0
2485 1
3215 0
2147 1
2048 0
2185 0
2319 0
1675 1
1224 1
2860 0
2714 1
1711 1
1700 1
2668 0
3183 1
1627 1
3896 1
1591 0
161 0
2262 1
3370 0
716 1
1933 0
3977 1
58 1
1697 1
630 1
2119 0
2041 0
426 0
2904 0
879 1
1165 1
1100 0
1427 0
434 0
2350 1
2068 0
3613 1
838 1
2293 0
3428 0
3113 0
3476 0
1278 1
2076 0
676 0
2316 0
2166 0
3103 0
3232 0
2050 1
2134 0
577 0
2839 0
1814 1
297 0
315 0
1521 1
424 1
2977 0
3853 1
55 0
428 0
1037 0
1712 1
3048 0
3326 0
654 1
3456 1
1653 1
745 1
2117 0
3450 1
2323 1
3730 1
204 1
608 1
1260 0
1375 1
1681 0
1722 1
3727 1
959 1
3425 1
175 0
3840 1
3069 0
347 0
2938 0
2907 0
1650 0
1686 0
900 1
31 0
3249 0
1979 1
1514 0
1181 1
1576 0
2708 0
3127 0
555 0
1843 1
317 0
1600 1
2337 1
1019 0
459 1
1817 1
1086 1
2408 1
958 1
2789 0
514 0
3826 1
2353 1
2473 0
3110 0
2308 1
228 0
1570 1
1340 1
1643 1
2960 0
493 0
3221 0
770 1
3808 1
1526 0
3320 0
3035 0
2585 1
500 0
1149 1
332 0
388 0
2554 1
1007 0
1397 0
2624 1
2832 0
126 0
2364 1
2252 0
59 0
2211 0
764 1
2244 1
2397 0
1156 1
1349 0
2540 0
3081 0
1457 1
288 0
2452 0
817 1
41 0
1830 0
1828 0
465 0
326 0
3987 1
1006 1
1354 0
1679 0
1044 0
2065 0
2628 0
3360 0
3492 1
1008 1
11 1
535 0
81 1
3928 1
744 1
2074 1
3527 1
2889 0
1425 0
244 0
1346 1
78 1
323 0
3657 0
598 1
1305 1
1763 0
1302 1
65 0
3068 0
2981 0
3546 1
778 1
3678 1
713 1
224 0
3966 1
3101 0
2910 0
673 1
2126 0
1000 0
3056 0
1449 1
3264 0
1103 0
3605 1
1454 0
3738 1
910 1
3927 1
3932 1
2102 0
5 0
801 1
3846 1
2902 1
1533 1
2993 0
1991 1
3455 1
1311 0
2073 1
1567 1
160 1
2276 1
3948 1
1908 1
3837 0
1126 1
2238 0
237 0
1380 1
855 1
1283 1
264 0
177 0
1097 1
1274 1
173 1
1137 1
4013 1
3504 1
1971 1
2623 1
2604 1
2467 1
2797 0
3561 1
1173 1
4000 1
2800 0
2301 0
3552 1
1476 1
2859 0
2716 0
2563 1
2372 0
2189 0
2224 0
1477 1
3213 0
3053 1
250 1
2466 0
48 0
792 1
2834 0
137 0
479 0
2123 1
588 1
1273 0
1080 0
1962 1
3038 0
400 0
969 0
4032 1
804 1
3403 0
235 0
2850 0
2773 0
2878 0
1062 0
1831 0
857 1
3635 1
1793 1
1523 1
2144 0
1366 0
3854 1
1237 0
3247 0
1946 1
1116 1
1385 0
1071 1
1009 0
3794 1
812 1
2106 1
2280 0
556 0
375 0
2161 0
3447 1
2482 1
358 1
3501 1
1292 0
2251 0
1674 1
335 0
1806 1
330 1
1602 0
2824 0
3233 0
1241 0
114 1
3288 0
2592 0
2450 0
3131 1
2557 0
100 0
1869 0
2615 1
915 0
2342 0
1141 0
2273 0
3355 0
128 0
2986 0
2418 1
756 1
3725 0
1294 0
965 0
3109 0
1893 0
2385 0
3916 1
1891 1
627 0
2664 0
102 0
3629 1
3520 1
3031 1
2593 1
3224 0
1293 1
2113 0
2512 0
2682 0
3460 1
1854 1
818 1
527 0
674 0
672 1
1400 0
3874 0
1778 0
1372 0
2805 1
1004 1
938 1
3979 1
1965 0
3006 1
797 1
1098 1
3000 0
83 0
82 0
763 1
2282 0
10 0
2327 0
1810 1
1912 0
2701 0
1475 0
196 1
564 1
1696 1
917 0
3870 1
119 0
3992 1
846 1
1541 0
930 0
749 1
2914 0
1941 0
3950 1
991 1
2823 0
101 1
3910 1
635 0
360 0
1659 1
157 1
2788 0
551 1
3771 1
1695 0
789 1
3171 0
699 1
3086 0
346 1
1667 0
2088 1
3194 0
2145 0
525 0
3439 1
3679 1
2732 1
3242 0
2690 0
1484 1
919 0
1579 1
545 0
3331 0
97 1
441 1
300 1
2401 0
3513 1
2909 0
147 1
1466 1
1635 0
2243 0
2118 1
2054 0
3275 0
234 1
1777 0
2366 0
3124 0
1652 1
936 0
2356 1
1871 0
1328 1
452 0
3577 1
411 1
322 0
301 1
1357 0
1494 1
2602 1
3090 0
3 0
2214 0
1906 0
197 0
2223 0
729 1
933 0
2167 0
169 0
1461 1
1527 1
851 1
1883 1
3182 0
3540 1
2939 0
3398 1
2514 0
110 0
337 0
813 1
3121 1
2305 0
1575 0
2138 0
2526 1
1693 1
2584 1
3765 1
2532 1
2541 1
2779 0
923 1
2538 1
3058 0
2151 0
3791 1
3414 0
1171 1
2841 0
1647 0
179 1
1183 0
806 1
2394 0
2002 0
665 0
18 1
2001 1
1604 1
3656 1
1343 0
1085 1
1398 1
3423 0
2517 0
3707 1
2618 0
3880 1
560 0
842 1
1625 0
3359 0
1833 1
3626 1
2652 0
2887 0
3565 1
1879 1
942 0
1031 1
2382 1
3773 1
3177 0
1407 1
1791 1
3304 0
1685 1
423 0
3375 1
2879 0
3549 1
2597 0
3415 0
2969 0
1342 0
19 0
2560 1
984 0
3737 1
2524 1
3390 0
909 1
4010 1
1920 0
2095 1
1276 1
283 0
2726 0
1789 1
3941 1
594 1
3597 1
4037 1
1020 0
47 1
580 0
1010 0
2182 0
3203 0
3500 1
4021 1
1258 0
3850 1
3009 0
45 0
194 1
27 0
3993 1
3399 0
2484 1
145 1
1190 0
2486 0
3087 0
2388 0
313 0
1167 0
123 0
752 1
3662 1
911 1
3759 0
1515 0
1060 0
2746 0
3951 1
1321 1
135 0
831 1
3590 1
3339 0
1899 0
463 0
3860 1
2895 0
538 0
1500 0
3294 0
2409 1
2170 0
3554 1
2198 0
687 1
1438 0
117 0
1794 0
2894 0
176 0
777 1
979 1
4007 1
3250 0
3206 0
2250 0
146 0
1819 1
475 0
1985 1
3174 0
3628 0
1917 1
2880 0
3509 1
795 1
278 0
554 1
1417 0
1215 0
2510 0
398 0
2787 0
2586 1
2835 0
91 0
2821 0
2031 0
2181 0
722 1
3974 1
2621 0
1166 0
1148 0
2764 1
3361 1
1858 1
3935 1
1482 0
875 1
270 1
3161 0
2148 0
2665 0
208 0
533 0
543 0
3515 1
3670 1
2128 0
3823 1
156 0
3865 1
1967 0
1447 1
2210 1
3186 0
1095 0
1885 1
1268 0
2439 0
3162 0
2612 0
188 0
3333 0
3254 0
530 1
4014 1
3248 0
2995 0
2209 0
2911 0
1518 1
615 0
3083 1
2847 0
2178 1
3388 0
3648 1
1835 1
1347 0
854 1
103 0
1651 1
496 0
528 0
2523 0
3828 1
3931 1
809 1
158 0
2590 1
1118 1
1844 0
3424 0
1307 1
1505 1
2213 1
456 0
3800 1
2429 1
1232 1
259 0
243 0
2777 0
2826 0
3796 1
316 1
1325 1
2256 0
3650 1
4004 1
427 0
504 0
2706 0
1755 1
89 1
130 1
2822 1
1642 1
1780 1
2215 0
1261 0
2285 0
1248 0
2338 0
682 1
3681 1
2649 0
1422 0
1075 1
1748 0
690 1
1076 1
3129 0
444 0
2661 0
3889 1
2744 0
497 0
1878 0
3884 1
2163 0
3523 1
3017 0
1115 0
3881 1
3792 1
295 0
1185 1
1339 1
2699 0
3888 1
2809 0
3495 1
3417 0
3691 1
2647 1
225 0
3937 1
420 0
3410 0
864 1
98 0
3989 1
1108 0
3641 1
3713 1
401 1
2195 1
2903 1
2422 0
1613 1
4031 1
200 0
2811 0
3285 0
1958 1
2120 0
2679 0
708 1
1189 0
2461 0
2300 1
3298 0
2984 0
619 1
3684 1
2528 0
3445 0
1367 1
3362 0
502 0
2066 0
476 1
3925 1
2142 1
2961 0
1690 1
3217 1
3234 0
2298 0
397 0
3383 0
1309 0
1703 0
2427 1
185 0
373 0
595 0
3265 0
1056 1
3560 1
2632 0
3091 0
2264 0
2222 0
2627 1
1634 0
1663 1
714 1
2750 0
1609 1
56 0
449 0
256 1
3401 1
3956 1
3876 1
1027 1
2343 0
1130 1
1587 0
2494 1
2520 1
921 1
3753 1
741 1
298 0
180 1
1725 0
2568 0
2477 1
2508 0
2168 1
2368 0
3683 1
1127 0
395 0
1776 0
1931 1
127 0
468 1
4002 1
305 1
2203 0
951 1
3405 1
2877 0
1435 1
794 1
603 1
3634 1
2029 0
1198 1
2605 0
3787 1
3616 1
3524 1
2169 0
702 1
2941 1
3891 1
2921 0
2037 1
4030 1
2655 1
165 0
2856 0
3065 0
660 1
3467 1
287 0
986 0
2648 1
2968 0
3205 1
327 1
3343 0
2883 0
2740 1
904 1
1196 1
591 0
3551 1
515 0
136 0
2235 0
2870 0
50 0
3780 1
3579 0
416 0
922 1
2651 0
3364 0
3192 0
1204 0
2024 1
607 1
571 0
1876 0
1633 0
3849 1
1934 0
2236 0
3536 1
2630 1
227 0
3958 1
3010 0
1028 1
582 0
2801 0
2043 1
3775 1
1310 0
886 1
3842 1
2873 0
3580 1
1949 0
1370 1
885 1
2085 0
2398 0
3079 0
1749 0
3892 0
2544 0
3624 1
3768 1
1853 0
1834 1
2738 0
567 0
728 1
3867 1
2853 0
1177 1
1767 0
2464 1
1245 0
3334 0
3550 1
221 0
1902 1
680 1
2743 0
3026 0
3443 1
575 1
3073 0
853 1
1439 1
4035 1
903 1
2598 0
3638 1
1916 0
3783 1
2735 0
2334 1
3589 1
3825 1
1161 1
3208 0
2640 1
3957 0
2270 0
1113 0
2176 0
1956 0
2845 0
814 1
3169 0
1743 0
3366 0
3175 0
3170 0
2539 1
2550 1
524 0
3915 1
773 1
1159 0
1333 1
3518 1
3795 1
1837 1
269 0
549 1
740 1
2370 1
1921 1
1378 1
3239 0
2470 0
320 0
2785 0
232 0
1074 1
1480 1
3135 0
1270 1
2994 0
306 1
261 0
379 0
3852 1
3057 1
2231 0
2201 1
40 0
2536 1
796 1
2607 1
2389 0
1078 1
1356 0
1531 0
1565 0
2551 1
2309 1
3869 1
1873 0
1353 1
1597 1
3349 0
1888 1
1336 1
847 1
2920 0
1179 0
2440 0
3422 0
2542 1
738 1
2843 0
3918 1
3386 0
3082 0
3395 0
2953 0
3637 1
2399 0
3138 0
223 0
3661 1
162 0
1756 0
1982 0
2239 0
3671 1
3848 1
1388 1
1374 0
1298 0
1049 1
3050 0
3378 0
2446 1
2547 0
2362 0
1463 1
2901 0
2957 0
3330 0
2503 0
2096 0
3257 0
646 0
1121 0
2149 0
3259 0
2200 1
3011 0
3039 0
442 0
2934 0
1894 0
1554 1
3778 1
2945 0
3474 1
1584 1
2772 0
3315 0
3357 0
961 1
3195 0
3534 1
2160 0
2756 0
1094 0
75 0
238 0
719 1
3999 1
1966 1
1904 0
2974 0
3665 1
486 1
2414 1
8 0
2815 0
3614 1
3811 1
3947 1
393 1
670 0
2455 0
3278 1
3137 0
1355 0
2774 0
1713 1
94 1
1147 1
982 1
2241 0
3820 1
2060 1
683 0
44 0
2712 0
1222 1
3114 0
1107 1
1029 1
707 1
3682 1
79 0
3350 0
2268 0
77 0
460 0
1573 0
371 0
3882 1
1003 1
1547 1
767 1
956 1
16 0
3116 0
1102 0
412 0
2104 1
901 1
2131 1
3303 0
2373 0
3235 1
1583 0
2820 0
2320 0
2530 0
1105 1
1249 0
3141 1
184 0
351 1
2884 0
471 0
1797 1
1218 1
57 1
1577 0
508 0
2905 0
3810 1
2233 1
526 0
3025 0
1549 0
32 0
1096 1
3274 0
2217 0
2312 0
1638 0
3421 0
276 0
2601 1
578 0
3396 0
754 1
2082 0
2693 1
1769 1
650 0
810 1
1429 0
1320 0
2890 0
1975 0
3710 1
2806 0
975 0
1225 0
2522 0
3314 0
93 0
280 0
1013 0
1358 0
4024 0
1988 0
372 0
948 0
0 0
3996 1
505 1
2481 0
144 0
3478 1
3327 0
2162 0
584 1
2333 0
3475 1
1050 1
2600 1
3663 1
1025 0
2365 1
3553 1
477 1
3585 1
365 0
353 0
827 1
3833 1
3535 1
1453 0
2591 1
2673 0
3306 0
781 1
887 1
3955 1
1394 1
2207 0
1680 0
1589 1
3582 1
3329 0
2375 1
1135 1
1390 1
616 1
3698 1
212 0
3408 0
861 1
3706 1
3345 0
2355 0
3271 1
3381 0
3125 0
1448 0
1880 1
2297 1
4003 1
3972 1
2413 0
1145 1
3453 1
3975 0
542 0
1864 1
2634 0
3508 1
61 1
2232 0
1304 0
1073 1
2680 0
1175 1
1228 0
2695 0
3112 0
1267 1
3485 1
2793 0
1264 1
918 1
1288 1
963 1
2692 1
694 1
2115 1
3251 1
601 0
296 0
333 0
2220 1
3214 0
844 1
2633 1
182 1
1508 0
1865 1
3444 1
3216 1
1180 1
3576 1
2606 1
3519 0
860 1
2842 0
308 0
2476 1
343 0
1322 0
3252 0
3722 1
1922 0
2028 0
1867 1
3245 1
113 0
1525 0
3997 1
3117 0
3798 1
1792 1
3051 0
3420 0
4005 1
2227 0
519 0
1510 1
3680 1
3868 0
3427 1
613 1
3767 1
2454 1
733 1
877 1
1660 0
955 1
1847 1
811 1
1491 1
2279 0
3434 0
3539 1
1546 1
2111 0
1483 1
3322 1
290 0
1122 0
1405 1
506 0
2579 1
1061 1
677 1
1954 0
1959 0
3368 1
1011 0
2948 0
968 0
122 0
692 1
1067 0
2681 0
2395 1
4001 1
2346 1
949 0
2555 0
3075 0
3619 1
3903 1
1687 1
85 0
3337 0
252 0
736 1
429 0
1788 1
3904 1
2064 1
2090 1
3971 1
3988 1
790 1
2675 0
2183 0
3817 1
2458 0
3845 1
2067 1
3883 1
1247 0
2424 0
25 0
1486 1
1639 1
1538 1
1684 0
3505 1
1630 0
3875 1
3938 1
1655 0
3962 1
2566 0
2741 0
1005 0
3940 1
628 0
3945 1
1544 1
999 1
2274 0
2344 0
3385 0
976 0
2184 1
640 0
957 0
3351 0
1801 0
821 1
3416 0
1184 1
118 0
2421 1
2980 0
2671 0
1940 0
3463 1
133 0
1256 1
622 1
2465 0
2396 0
1155 0
2742 0
3699 1
1077 1
1566 0
1471 1
1212 0
3346 0
2410 1
3335 0
3525 1
1344 1
2759 0
852 1
908 1
2269 1
645 0
1414 0
71 0
2216 1
307 0
1631 0
1219 1
3969 1
3986 1
653 1
1785 0
1517 1
3640 1
2747 0
339 0
1522 1
2959 0
3676 1
1901 0
2480 0
2521 1
4017 1
2881 0
748 1
2226 0
1360 1
2091 0
2288 1
2247 0
3782 1
2004 1
454 1
3980 1
3411 0
1402 1
1786 0
1235 0
3291 0
1109 0
3739 0
3693 1
404 0
2609 0
2017 0
2208 0
3692 1
3754 1
2164 1
2116 1
3716 1
1628 0
1101 1
342 0
945 1
2193 0
1319 1
352 0
1431 1
2755 0
1054 1
3878 1
2100 0
1757 1
998 1
541 0
2776 1
1504 0
994 0
3594 1
3548 1
3812 1
120 0
2006 1
1200 1
872 1
1047 1
3382 0
484 0
2766 0
2197 0
2589 0
3877 1
1590 1
1545 0
478 0
266 1
1068 1
464 1
3380 0
1330 1
1331 1
3961 1
96 0
1410 1
2562 0
1326 1
1337 1
1715 0
3150 0
2799 1
3807 1
2983 1
1279 0
725 1
2629 0
210 1
815 1
1110 1
2988 0
2734 0
3477 1
2678 1
2277 0
222 0
3785 1
2459 1
1503 0
3822 1
1765 1
1290 1
3473 0
3028 1
1622 1
3894 1
2152 0
2976 0
3459 1
1111 1
1280 1
60 0
1295 1
2739 0
3212 0
3262 0
705 1
2996 0
1973 1
2430 1
2587 0
277 0
33 1
1846 1
1989 1
1558 1
3653 1
3084 0
3953 1
354 0
746 1
201 0
1039 1
742 1
2855 0
95 1
3895 1
1437 1
2051 0
3469 1
947 1
2838 1
992 1
1018 0
840 1
3963 1
23 0
125 1
1555 1
1536 0
90 1
2694 0
3541 0
247 0
1452 1
1072 0
215 1
1535 1
697 1
2657 1
3218 1
3287 0
3625 1
1862 0
503 0
1571 1
2228 0
3037 0
3733 1
2490 0
2917 0
3821 1
2402 0
972 1
3229 0
3595 0
2867 0
1550 0
3462 1
1286 0
1552 1
1773 0
572 1
249 1
1530 1
1641 1
3319 0
2705 0
625 1
1911 1
2304 0
2081 0
3564 1
2084 1
3062 0
3802 1
2318 0
3674 1
1629 1
561 0
681 0
1493 1
3555 1
2795 0
3622 1
3861 1
3371 0
2218 1
2985 0
3907 1
3886 1
3712 1
3762 1
1069 1
737 1
2725 1
2874 0
1023 1
1539 1
2786 0
3647 1
491 0
3557 1
2417 0
1742 0
488 0
3750 1
2205 0
3207 0
367 0
3488 1
1341 1
2698 0
3008 0
2059 1
1036 0
2556 1
1350 0
3419 0
2391 1
3144 0
3749 1
3122 1
2569 1
1327 1
2813 0
1418 0
2314 0
816 1
1924 0
3621 1
586 0
3746 1
2405 0
2075 0
3397 0
856 1
1176 1
3797 1
2978 0
1413 0
2500 1
3677 1
3654 1
1897 0
3688 1
1412 0
3172 0
1798 1
2390 0
3061 1
148 0
324 0
451 0
669 0
2719 0
1281 0
835 1
1187 1
1621 1
2348 1
279 0
159 0
2771 0
3047 0
2672 0
774 1
2581 0
2078 1
3667 1
2561 1
3211 0
2861 1
1197 1
403 0
1282 0
132 0
2426 0
1489 0
783 1
2501 0
3077 0
1950 1
2818 0
1426 0
3533 1
3736 1
977 0
848 1
3612 1
1632 1
389 0
3165 1
3879 1
1730 1
415 0
268 0
3719 1
3685 1
2341 0
712 1
970 1
3293 0
2924 0
328 1
1092 1
2646 1
2367 0
3267 0
2502 0
356 1
1404 0
3913 1
2851 0
1872 0
3323 0
2930 1
1035 0
3740 1
2796 0
2336 0
2275 1
338 0
3187 0
3166 0
12 0
544 0
967 1
1528 1
1125 1
1444 0
780 1
390 0
2762 0
2023 0
2423 1
1857 0
3862 1
2359 1
803 1
2015 0
3402 1
3347 0
3373 0
84 0
2897 0
3912 0
1392 0
1636 0
3651 1
765 1
387 0
3151 0
3480 1
2383 1
516 1
799 1
839 1
3610 1
1043 1
378 0
3406 0
2923 0
700 1
771 1
3222 1
873 1
2745 0
2035 0
3269 0
868 1
2433 1
3237 0
3159 0
3818 1
155 1
164 1
2188 1
3529 1
318 0
1714 1
1701 1
1668 1
3140 0
1240 1
1698 1
1464 0
1134 0
3744 1
537 0
1255 1
431 0
836 1
2062 0
2573 1
292 1
3990 1
2072 0
3451 1
3244 0
1808 0
772 1
3020 0
2596 1
940 0
2266 1
1188 0
1088 1
470 0
2769 0
3801 1
865 1
899 1
2155 0
1512 0
1588 1
2830 0
2331 1
553 0
3909 1
3446 1
2326 1
260 0
2462 1
1719 1
634 0
592 1
3949 1
2700 0
1739 0
1041 0
2997 1
275 1
2552 1
3296 0
152 1
612 1
4012 1
193 0
1242 1
302 1
2311 1
3209 0
2146 0
417 0
2472 0
1665 1
1616 0
971 0
962 0
3696 1
2951 0
3636 1
2436 0
1995 1
3190 0
2278 1
291 0
1623 1
3392 0
2127 0
3060 0
1913 0
2139 1
589 1
1021 0
974 0
419 0
2089 0
1986 1
2377 0
2229 1
3763 1
2380 0
3338 1
1017 1
3952 1
2387 1
837 1
3310 1
2441 0
64 1
1440 1
2206 1
384 0
3155 1
3154 0
3024 0
2058 1
761 1
2663 0
453 1
2829 0
29 0
1813 1
3510 1
3219 0
1252 1
1243 1
2916 0
1063 1
3944 1
1874 1
2093 1
363 0
1593 1
1207 1
43 1
2825 0
3669 1
3675 0
2565 1
1927 1
3281 0
1745 0
293 0
2527 0
2696 0
3201 0
1540 1
178 0
495 0
150 0
1620 1
779 1
3133 0
2 0
1479 0
2406 0
410 0
1772 1
1914 1
1364 0
3930 1
1648 1
3769 1
1236 0
1030 1
167 0
876 1
487 0
355 0
573 1
906 1
1465 0
1082 0
1246 0
2642 0
2212 1
226 0
696 1
2828 0
3289 0
717 1
2731 0
988 0
2150 1
3658 1
1759 0
907 1
2080 0
3507 1
2570 0
3449 1
1654 1
2055 1
1619 1
3777 1
2361 0
1943 1
3041 0
3793 1
1664 1
2582 0
1563 1
987 1
1721 1
604 0
593 0
1699 0
2460 1
3934 1
3045 0
1416 1
3981 1
4038 1
2575 1
3666 1
350 0
111 0
1396 0
2267 0
522 0
3831 1
3919 1
2641 0
685 1
606 0
3806 1
1458 1
2165 1
2505 0
718 1
1238 1
1561 1
2039 0
1065 0
4022 1
596 0
2840 0
3321 0
3490 1
2576 1
2453 0
1829 0
724 1
1382 0
3844 1
1386 1
2199 0
1860 1
1433 1
2045 1
1568 1
913 0
2545 1
2683 0
195 1
92 1
2025 1
1559 1
1781 0
3517 1
823 1
600 0
1059 1
2352 1
819 1
939 0
1231 0
2748 0
585 0
1081 0
3672 1
3717 1
960 1
3199 0
3001 0
2972 0
3377 0
494 0
334 0
3448 1
2360 0
2775 0
1944 0
382 0
1863 1
732 1
124 1
3074 0
425 0
1718 0
2469 1
498 0
3871 0
1702 1
3431 0
1790 0
2798 0
104 0
3639 1
2990 0
68 0
2044 1
3748 1
2411 0
546 0
457 1
2063 1
631 1
4 1
3965 1
1735 1
3705 1
633 1
3066 1
1306 0
658 0
1287 1
1978 0
2378 1
2386 1
3709 1
3898 1
2676 0
2691 0
3354 1
3623 1
439 0
66 0
2659 1
3002 0
2416 0
3816 1
233 1
2499 1
3461 1
858 1
641 0
2094 0
539 0
42 1
3494 1
893 1
611 1
1812 0
934 1
511 0
1338 0
935 0
2723 0
2005 1
2009 1
2620 1
399 1
1673 0
435 1
667 0
2021 1
2660 1
3838 1
2121 1
267 1
2225 1
3545 1
570 0
1656 1
1537 1
689 1
3902 1
409 0
2036 0
769 1
2827 0
3324 0
3516 1
4027 1
3139 0
914 0
2529 0
1562 1
547 0
3097 0
3184 0
348 0
2728 0
2803 0
2140 1
1580 1
3742 1
1961 0
2187 0
1992 0
2947 0
2857 1
566 0
2608 0
1856 1
2865 0
1415 0
2955 0
3210 0
1318 0
3316 0
2259 0
782 1
3575 1
829 1
1861 1
579 1
1014 0
943 0
1548 1
2958 0
3365 0
3307 0
1211 1
1048 1
1800 1
1099 0
1889 1
891 1
1012 0
2296 0
3481 1
3227 1
686 1
2098 1
1724 1
2537 0
1193 1
1666 1
2371 0
2931 0
2110 0
3394 0
3413 1
2495 1
3003 1
73 0
1409 1
49 1
3015 0
3134 0
1881 0
1299 0
2097 1
657 1
2751 0
466 0
1948 0
2125 0
1803 1
1823 1
3649 1
1923 0
2837 0
3491 1
141 0
1016 1
1058 1
2083 1
1423 0
952 1
1201 1
2130 0
3499 1
2376 1
319 1
2011 1
1203 1
2784 0
2046 1
230 0
3479 1
2038 0
1993 1
2114 0
336 1
3827 1
361 0
254 1
1399 1
2709 0
1473 0
2020 1
916 1
4028 1
3018 0
2249 0
760 1
3926 1
2684 0
3318 0
2107 0
2451 0
2137 0
1689 1
1670 1
3272 0
711 1
2713 0
2271 1
3043 0
3023 0
455 0
1692 0
808 1
1708 1
1784 1
1419 1
3179 0
3441 1
2515 0
3032 0
3537 1
3745 1
3731 1
1474 1
1359 1
2478 1
3270 0
656 0
1596 0
304 0
1658 0
213 0
359 0
480 0
3197 0
2443 1
1266 1
1205 1
1649 0
1300 0
2479 0
461 0
3465 0
380 1
1154 0
2070 0
757 1
2702 0
2027 1
3163 0
285 0
3164 1
443 1
2814 1
3858 1
671 0
3128 1
2875 0
1303 0
3432 1
2999 1
1824 0
3905 1
3092 0
1896 1
216 0
2321 0
362 0
618 1
1239 1
3108 0
3180 1
3673 1
2290 1
1250 1
1775 1
1335 1
1421 1
691 1
2506 1
2639 1
1720 0
3022 0
3442 1
2057 0
552 1
3704 1
2973 0
2868 0
3983 1
2595 0
329 0
3732 1
3440 1
2471 0
2933 1
1446 0
3923 1
1983 1
863 1
983 1
2313 0
3426 0
734 1
62 0
3604 1
2103 1
34 0
3804 1
2636 1
3094 0
1057 1
286 1
1945 0
888 1
2885 1
531 0
3484 1
2483 0
17 0
1542 1
2240 1
1083 1
3148 0
2086 1
2908 0
3407 1
3715 1
2935 1
3369 0
1391 1
1608 1
2105 0
1816 1
1168 0
2179 1
3702 1
3574 1
574 1
666 1
1758 1
2345 0
242 1
3569 1
2493 0
1942 1
1905 1
2896 0
1139 0
3593 1
1738 0
3652 1
2915 0
996 1
4026 1
3283 0
2872 0
1723 1
3789 1
1144 1
2132 0
4020 1
3587 1
2794 0
1936 0
3592 1
3599 1
937 0
2026 0
3809 1
727 1
220 1
1053 1
1644 1
2186 0
2196 0
1615 1
563 0
138 1
1963 1
884 1
2513 0
1470 1
2982 0
2347 1
894 1
3042 0
54 0
610 0
3384 0
3506 1
1805 1
1887 0
3830 1
540 0
2954 0
1606 0
1581 1
3964 1
3929 1
3723 1
1900 1
973 1
3231 0
1557 1
3982 1
418 0
1221 0
3714 1
2848 0
1 0
3336 1
3059 0
1662 1
1939 0
1216 1
1348 0
664 1
499 1
2898 0
576 0
2174 0
786 1
3168 0
345 0
1726 1
550 0
688 1
2230 0
183 1
1393 1
3225 0
3531 1
1661 0
1930 0
2428 1
1607 1
1594 1
3312 0
3160 0
405 0
3487 1
2966 0
2650 0
2946 0
3558 1
642 1
2507 1
2159 1
14 0
3400 0
432 0
1136 1
3085 0
108 0
925 1
3606 1
874 1
206 0
2932 0
1764 0
1271 1
386 0
140 0
219 1
3013 0
1595 0
1214 1
2689 0
1855 0
1935 1
3735 1
391 0
649 1
1210 0
3829 1
21 0
3309 0
3701 0
1729 0
3376 1
3834 1
2445 0
623 1
1132 1
1315 0
3573 1
2782 0
3241 0
743 1
3591 1
207 1
985 0
2261 1
52 1
3483 1
1716 0
2534 0
902 0
3014 0
3911 1
1117 1
2979 0
1928 1
3136 0
614 0
2533 0
2950 0
2626 1
1516 1
822 1
